1544155
962787
739055
377073
375646
319270
259122
247616
246354
240548
208356
199544
197670
193365
185635
185067
175290
173135
134969
122123
109040
103399
102402
94210
92460
91941
83158
80989
79085
70020
66102
65557
63914
61401
58492
57196
56673
55793
53045
53018
50739
46209
46191
44697
43432
41622
41488
38348
37812
35302
31845
30452
30442
29813
26258
25605
22844
22719
22160
22009
21418
20525
20519
19437
19350
18968
17668
16333
16324
16310
16234
15848
13865
13706
12718
12521
11234
10548
10496
10440
10208
9644
9363
8952
8766
8394
8274
8274
7538
7214
7031
6990
6669
6328
5661
5312
5302
5123
5121
5066
4961
4656
4212
4040
3546
3464
3056
2986
2842
2644
