1543900
962787
739055
377067
375646
363457
319243
278981
259122
247615
246344
240548
237836
208348
199352
197670
193365
185608
185067
175290
173124
156205
134949
122122
108992
108579
103399
102402
98475
94210
92428
91247
83126
80989
79085
77174
74851
70931
69862
66471
66102
65557
64034
63908
61389
58486
57109
56673
55793
53033
53018
50738
48372
46209
46181
44697
43432
43013
41622
41562
41488
38348
38092
37783
35300
34929
33682
32929
31843
30442
30391
29813
29470
28142
26242
25605
25315
25002
24713
24057
23498
22842
22718
22158
22008
21418
21307
20783
20493
20304
19437
19350
18968
18956
17659
17279
16558
16324
16305
16302
16234
15844
14191
13832
13706
13138
12915
12717
12443
12391
12066
11391
11234
10512
10496
10440
10303
10165
9913
9642
9363
8905
8766
8392
8388
8274
8274
7654
7522
7210
7027
6669
6328
6255
5727
5658
5475
5418
5312
5302
5123
5121
5066
4956
4656
4612
4464
4392
4212
4040
4037
3741
3718
3546
3460
3456
3131
3056
2986
2923
2903
2842
2726
2644
2007
1827
1750
1561
1533
1461
949
863
