重&爆表&预警&雾霾
[246, 131, 68, 41, 43, 61, 177, 463, 895, 955, 801, 750, 475, 526, 671, 709, 890, 923, 817, 675, 577, 740, 744, 607, 340, 145, 100, 71, 90, 77, 159, 491, 848, 1156, 983, 1048, 1193, 1003, 1383, 960, 792, 860, 1539, 1065, 1627, 897, 707, 1080, 1316, 1367, 133, 101, 471, 1252, 723, 469, 752, 745, 1018, 889, 828, 1125, 892, 801, 849, 928, 955, 1322, 1581, 1899, 1973, 1551, 684, 294, 157, 104, 131, 161, 528, 1551, 2457, 3737, 10588, 2564, 2444, 2348, 2015, 2311, 2987, 3477, 2992, 3193, 3493, 3573, 4478, 4043, 2007, 930, 432, 259, 310, 351, 1125, 2873, 5829, 7417, 6815, 6849, 6344, 5657, 7219, 7545, 6707, 5746, 5439, 8642, 5855, 6092, 5126, 4354, 2542, 1054, 444, 328, 288, 274, 854, 2032, 3669, 15826, 12090, 5954, 5853, 5089, 10162, 4390, 4398, 3523, 4310, 4056, 12259, 3013, 6468, 2822, 1297, 396, 252, 159, 129, 168, 382, 1061, 1586, 2681, 2055, 1687, 1177, 1447, 1090, 5508, 13530, 1160, 1171, 1796, 2142, 5649, 2019, 1160]
南京大屠杀
[81, 44, 22, 17, 8, 30, 57, 140, 304, 469, 1258, 1257, 761, 531, 1097, 1577, 1274, 955, 666, 733, 766, 1815, 2016, 2001, 4282, 2237, 639, 215, 177, 319, 1603, 4597, 8058, 15789, 25392, 14650, 15738, 11882, 7969, 6289, 6316, 5349, 4768, 4742, 4395, 4461, 5392, 4747, 1681, 772, 331, 196, 146, 250, 369, 727, 982, 1310, 1089, 1224, 900, 891, 623, 587, 586, 495, 484, 398, 452, 424, 497, 414, 307, 142, 76, 63, 54, 64, 123, 226, 374, 397, 359, 379, 326, 311, 249, 273, 268, 285, 308, 219, 205, 207, 230, 250, 182, 82, 60, 50, 39, 35, 78, 105, 168, 188, 233, 186, 190, 157, 158, 183, 171, 164, 135, 188, 165, 168, 148, 133, 85, 46, 32, 26, 27, 34, 51, 82, 101, 167, 139, 132, 155, 146, 119, 149, 166, 128, 130, 116, 169, 159, 185, 162, 124, 84, 48, 40, 46, 20, 40, 65, 118, 130, 135, 128, 100, 87, 106, 88, 77, 116, 190, 290, 296, 374, 275, 285]
一二&九&运动
[199, 30, 19, 12, 19, 18, 18, 67, 91, 131, 214, 163, 139, 150, 110, 142, 128, 187, 267, 380, 309, 273, 235, 206, 152, 80, 37, 28, 28, 45, 101, 478, 967, 1626, 6517, 11198, 18522, 12776, 14199, 11534, 15505, 9608, 6169, 6234, 5467, 2556, 2405, 2651, 326, 135, 72, 71, 34, 97, 58, 1093, 1365, 1370, 4300, 4853, 5566, 4574, 3105, 3916, 5183, 4365, 1113, 2116, 1871, 745, 676, 296, 94, 61, 40, 20, 15, 23, 34, 71, 153, 96, 205, 144, 119, 172, 178, 112, 156, 192, 938, 515, 298, 160, 156, 156, 57, 23, 25, 21, 14, 19, 33, 87, 125, 133, 126, 147, 130, 96, 91, 129, 72, 95, 111, 189, 129, 109, 153, 139, 57, 43, 25, 11, 17, 19, 40, 84, 153, 178, 377, 557, 457, 315, 231, 228, 260, 273, 287, 780, 505, 162, 136, 131, 39, 32, 23, 30, 12, 12, 22, 75, 46, 61, 112, 96, 69, 64, 85, 103, 86, 85, 58, 87, 236, 321, 184, 152]
聂树斌
[203, 83, 30, 25, 15, 35, 39, 305, 337, 591, 4135, 8979, 7791, 7069, 5204, 4714, 3663, 3379, 3182, 3798, 3778, 3736, 3591, 3119, 1740, 1062, 635, 536, 381, 589, 1138, 2047, 2696, 3013, 3225, 3738, 3082, 3361, 3070, 2989, 2447, 2135, 1679, 1629, 1847, 2120, 2059, 1640, 1073, 544, 508, 358, 262, 335, 551, 947, 1242, 1432, 1332, 1120, 1114, 1042, 933, 771, 970, 842, 999, 992, 1176, 1014, 935, 954, 505, 311, 214, 136, 160, 235, 467, 823, 1298, 1229, 921, 827, 624, 637, 602, 558, 554, 464, 458, 580, 576, 632, 711, 479, 293, 147, 76, 75, 73, 89, 159, 287, 323, 525, 386, 458, 383, 364, 311, 317, 325, 340, 309, 372, 415, 400, 599, 366, 220, 136, 90, 59, 47, 86, 183, 306, 480, 402, 371, 369, 365, 415, 377, 302, 309, 281, 309, 385, 339, 313, 207, 186, 124, 46, 37, 21, 22, 30, 115, 181, 228, 249, 277, 321, 478, 431, 338, 374, 333, 312, 275, 396, 436, 440, 448, 318]
中关村二小&霸凌
[262, 196, 111, 53, 75, 66, 112, 316, 743, 1436, 1873, 1774, 2715, 2827, 2521, 2140, 1684, 1764, 1510, 1474, 1295, 1857, 1249, 1044, 732, 441, 202, 154, 127, 111, 163, 368, 673, 837, 849, 820, 759, 806, 662, 643, 616, 593, 465, 517, 469, 453, 453, 411, 242, 168, 92, 110, 78, 105, 147, 272, 337, 546, 457, 628, 330, 363, 316, 304, 380, 502, 420, 366, 311, 314, 302, 296, 239, 149, 49, 37, 46, 109, 180, 659, 1770, 2448, 1807, 1887, 2605, 2027, 1510, 1159, 939, 982, 1683, 1274, 1243, 1159, 1029, 947, 557, 335, 179, 122, 95, 130, 228, 543, 885, 1159, 2225, 1324, 1041, 1125, 879, 666, 676, 517, 434, 389, 432, 460, 418, 306, 236, 113, 60, 54, 81, 72, 128, 269, 392, 497, 463, 457, 349, 356, 319, 451, 318, 222, 210, 226, 244, 288, 260, 252, 137, 94, 49, 38, 56, 40, 79, 136, 210, 229, 292, 220, 200, 231, 179, 168, 171, 172, 107, 130, 113, 102, 114, 115, 67, 59, 28, 30, 22, 30, 58, 78, 96, 173, 245, 204, 229, 176, 105, 147, 131, 107, 101, 73, 83, 122, 72, 90]
美联储
[33, 19, 17, 15, 10, 18, 31, 70, 290, 754, 580, 534, 161, 935, 530, 469, 407, 306, 121, 166, 161, 143, 133, 138, 64, 46, 26, 47, 23, 43, 70, 168, 344, 1098, 589, 495, 165, 273, 468, 384, 312, 254, 151, 214, 154, 159, 220, 135, 64, 68, 27, 51, 17, 84, 89, 181, 310, 1249, 839, 786, 291, 790, 1008, 1195, 739, 629, 512, 629, 779, 675, 732, 677, 392, 285, 269, 881, 495, 582, 1013, 1946, 3854, 6706, 2767, 2199, 1268, 1331, 1479, 1551, 1480, 1060, 693, 846, 808, 767, 650, 567, 359, 224, 139, 84, 134, 217, 385, 670, 1380, 1790, 1230, 878, 450, 560, 649, 572, 471, 380, 269, 216, 248, 154, 219, 159, 123, 88, 52, 48, 41, 56, 104, 130, 168, 250, 235, 182, 140, 139, 124, 175, 161, 118, 113, 111, 110, 117, 141, 124, 88, 50, 61, 46, 37, 33, 39, 65, 93, 89, 124, 130, 97, 85, 105, 101, 98, 84, 112, 98, 92, 97, 98, 72]
药&回扣
[3, 1, 0, 0, 0, 0, 0, 3, 0, 4, 9, 3, 0, 0, 3, 1, 4, 2, 1, 5, 1, 2, 2, 3, 0, 0, 0, 0, 2, 0, 0, 0, 2, 2, 0, 2, 0, 0, 2, 0, 2, 2, 0, 1, 1, 0, 1, 0, 1, 0, 0, 1, 1, 0, 0, 1, 0, 29, 12, 122, 252, 393, 637, 699, 2303, 1683, 1551, 1465, 2046, 1482, 1785, 1295, 729, 375, 208, 124, 128, 198, 679, 1714, 3637, 4376, 2972, 2440, 1801, 1381, 1184, 1233, 1302, 1092, 825, 984, 967, 795, 838, 601, 391, 192, 90, 74, 73, 79, 216, 377, 683, 725, 761, 514, 455, 436, 439, 460, 332, 167, 141, 193, 153, 187, 163, 171, 157, 59, 41, 37, 37, 57, 143, 200, 316, 391, 297, 275, 231, 220, 198, 193, 165, 117, 178, 134, 135, 122, 133, 119, 61, 48, 15, 19, 11, 24, 41, 102, 121, 136, 138, 129, 96, 98, 136, 116, 150, 97, 76, 61, 52, 47]
裸条&裸贷
[354, 249, 180, 182, 167, 141, 132, 181, 230, 224, 230, 290, 284, 355, 267, 257, 218, 201, 205, 232, 214, 445, 268, 204, 439, 452, 406, 404, 224, 219, 185, 201, 189, 234, 253, 227, 196, 262, 257, 250, 251, 211, 291, 207, 191, 250, 262, 229, 398, 368, 347, 256, 163, 170, 176, 142, 167, 225, 219, 246, 234, 259, 265, 274, 269, 263, 261, 176, 229, 190, 252, 294, 494, 483, 406, 232, 191, 117, 151, 121, 192, 240, 198, 284, 1810, 2794, 498, 414, 495, 430, 407, 345, 295, 353, 388, 349, 456, 444, 324, 160, 107, 42, 23, 70, 160, 206, 227, 172, 255, 349, 258, 249, 281, 260, 280, 264, 249, 275, 293, 293, 552, 438, 189, 129, 126, 130, 130, 120, 184, 255, 313, 260, 222, 224, 298, 296, 246, 237, 222, 223, 273, 402, 451, 434, 610, 557, 432, 377, 325, 255, 322, 325, 313, 396, 392, 360, 379, 412, 261, 283, 272, 413, 386, 404, 393, 551, 677, 578, 724, 468, 284, 225, 197, 196, 229, 211, 318, 304, 306, 312, 340, 449, 320, 264, 191, 214, 191, 225, 235, 256, 245, 245]
曹德旺
[138, 49, 26, 20, 12, 17, 44, 187, 308, 226, 184, 128, 163, 180, 265, 236, 277, 191, 181, 211, 249, 245, 287, 209, 130, 62, 42, 45, 41, 53, 155, 329, 765, 1226, 874, 601, 778, 521, 422, 336, 489, 542, 404, 474, 467, 576, 634, 749, 713, 302, 146, 112, 143, 216, 401, 1147, 1671, 1264, 924, 841, 780, 732, 578, 532, 514, 458, 435, 488, 464, 453, 481, 470, 265, 112, 68, 57, 54, 77, 151, 328, 630, 750, 612, 463, 434, 447, 1109, 304, 324, 284, 246, 240, 341, 291, 338, 253, 151, 78, 41, 32, 50, 63, 118, 172, 339, 390, 314, 270, 208, 229, 331, 296, 334, 288, 180, 192, 156, 176, 204, 153, 107, 66, 36, 27, 25, 55, 57, 100, 240, 282, 213, 117, 136, 115, 140, 118, 103, 69, 81, 93, 77, 112, 108, 69, 57, 37, 24, 18, 17, 29, 31, 77, 137, 145, 159, 154, 94, 139, 105, 117, 93, 96, 88, 137, 123, 124, 109, 102]
解放军&大陆&我军&战机&军机&绕台&台湾&飞行
[298, 164, 123, 60, 60, 109, 136, 310, 557, 663, 614, 592, 462, 432, 417, 439, 508, 491, 450, 443, 484, 455, 500, 636, 332, 184, 78, 71, 61, 72, 100, 179, 272, 464, 425, 372, 311, 271, 261, 280, 290, 209, 277, 258, 244, 243, 283, 236, 217, 122, 65, 53, 39, 47, 55, 154, 234, 398, 360, 423, 363, 372, 298, 260, 269, 239, 260, 295, 294, 289, 659, 462, 287, 159, 114, 56, 53, 52, 104, 186, 334, 369, 365, 373, 312, 311, 254, 262, 335, 261, 338, 338, 362, 444, 345, 324, 240, 156, 81, 57, 55, 80, 91, 155, 242, 310, 307, 279, 248, 262, 238, 206, 206, 209, 174, 169, 174, 202, 199, 188, 152, 72, 61, 38, 34, 30, 49, 84, 164, 179, 215, 218, 194, 170, 226, 267, 267, 241, 195, 220, 184, 180, 292, 292, 214, 89, 76, 49, 44, 42, 54, 109, 177, 312, 275, 254, 259, 301, 346, 272, 254, 286, 429, 342, 365, 502, 1510, 1645]
俄罗斯&土耳其&大使&遇刺&身亡
[5, 6, 3, 9, 6, 8, 8, 8, 11, 15, 14, 5, 6, 6, 6, 16, 23, 20, 5, 6, 5, 2, 5, 5, 123, 2742, 1512, 703, 558, 485, 967, 2193, 3396, 3354, 2378, 1665, 1265, 975, 793, 773, 697, 554, 616, 553, 476, 526, 430, 464, 314, 200, 150, 151, 140, 142, 210, 401, 463, 705, 596, 499, 1106, 829, 472, 428, 358, 303, 227, 231, 220, 153, 206, 170, 119, 75, 55, 33, 38, 52, 66, 131, 313, 288, 263, 175, 92, 153, 141, 122, 94, 162, 104, 114, 109, 95, 76, 86, 50, 47, 24, 28, 18, 26, 47, 84, 106, 148, 201, 157, 135, 151, 130, 95, 99, 90, 89, 108, 79, 96, 84, 67, 49, 36, 21, 9, 18, 18, 20, 36, 36, 40, 47, 36, 37, 57, 34, 23, 53, 31, 30, 27, 44, 51, 16, 21, 22, 16, 14, 15, 9, 11, 8, 20, 12, 22, 32, 20, 44, 110, 74, 36, 36, 47, 42, 42, 51, 36, 38, 29]
护士&戏弄&老人
[1, 0, 0, 0, 0, 1, 3, 2, 13, 2, 0, 4, 0, 1, 0, 0, 0, 3, 1, 4, 2, 0, 0, 0, 0, 0, 0, 1, 4, 0, 37, 15, 12, 5, 5, 6, 2, 3, 13, 16, 23, 34, 88, 92, 51, 35, 32, 19, 21, 22, 15, 43, 95, 193, 263, 6839, 9382, 4804, 3366, 2168, 1641, 1526, 1007, 907, 851, 588, 516, 398, 230, 164, 86, 48, 22, 17, 22, 27, 45, 83, 82, 174, 333, 351, 271, 123, 98, 115, 89, 50, 33, 35, 570, 348, 181, 66, 25, 14, 7, 5, 6, 12, 26, 33, 47, 41, 58, 41, 78, 28, 23, 29, 29, 6, 7, 11, 18, 5, 6, 11, 8, 1, 0, 5, 0, 3, 16, 13, 21, 22, 35, 18, 13, 947, 439, 200, 127, 168, 129, 102, 95, 156, 206, 97, 41, 11, 12, 4, 6, 16, 30, 35, 40, 41, 29, 18, 27, 13, 12, 28, 28, 11, 15, 11, 21, 1]
俄&图&黑匣子&飞机&军机&坠毁&失事
[82, 63, 38, 33, 40, 31, 30, 28, 78, 109, 489, 71, 922, 4226, 3406, 1881, 1411, 1088, 1799, 1188, 1053, 746, 598, 575, 418, 201, 118, 96, 94, 106, 230, 362, 493, 522, 437, 352, 326, 373, 395, 322, 277, 95, 111, 120, 121, 120, 135, 151, 150, 94, 72, 55, 65, 66, 79, 163, 186, 227, 230, 229, 116, 146, 142, 204, 176, 154, 134, 104, 110, 153, 123, 98, 77, 56, 37, 35, 34, 32, 35, 66, 116, 114, 119, 124, 134, 135, 118, 281, 334, 197, 137, 127, 123, 132, 1]
特朗普&川普&美国&一中&一个中国
[275, 132, 81, 80, 49, 125, 200, 534, 740, 819, 525, 584, 480, 367, 280, 276, 292, 420, 355, 343, 297, 284, 345, 283, 298, 147, 114, 48, 74, 129, 170, 431, 713, 804, 506, 484, 456, 401, 329, 306, 297, 363, 386, 370, 267, 270, 228, 205, 130, 65, 48, 42, 51, 54, 79, 131, 163, 214, 186, 270, 151, 202, 128, 158, 103, 97, 97, 90, 67, 803, 527, 319, 167, 71, 48, 30, 36, 36, 35, 148, 226, 206, 294, 191, 123, 124, 87, 71, 85, 62, 69, 70, 62, 58, 60, 44, 39, 14, 20, 9, 17, 6, 14, 65, 96, 88, 63, 80, 46, 39, 41, 34, 57, 34, 40, 41, 42, 49, 37, 37, 40, 24, 7, 17, 9, 18, 32, 46, 95, 110, 114, 154, 149, 141, 119, 130, 91, 97, 90, 96, 154, 154, 132, 113, 89, 35, 25, 13, 30, 16, 48, 85, 119, 157, 129, 129, 147, 103, 110, 115, 135, 156, 125, 105, 188, 155, 133, 136]
环保部&中国&污染物&排放&世界第一
[22, 11, 11, 7, 13, 18, 19, 31, 44, 94, 60, 46, 40, 49, 60, 52, 65, 44, 33, 32, 41, 46, 59, 29, 13, 23, 15, 19, 15, 12, 23, 27, 84, 107, 67, 72, 42, 71, 92, 63, 100, 63, 28, 42, 33, 59, 48, 27, 26, 13, 11, 14, 8, 8, 13, 14, 28, 51, 60, 43, 52, 55, 32, 56, 52, 62, 26, 41, 44, 53, 51, 34, 29, 27, 16, 9, 9, 7, 9, 20, 35, 42, 103, 64, 66, 52, 41, 41, 34, 47, 39, 57, 44, 33, 28, 38, 37, 48, 11, 20, 17, 18, 8, 92, 110, 288, 124, 209, 146, 130, 150, 215, 307, 268, 221, 123, 108, 119, 121, 54, 49, 32, 17, 15, 22, 30, 55, 164, 189, 212, 140, 113, 65, 101, 70, 83, 76, 87, 63, 63, 43, 47, 45, 46, 35, 30, 24, 24, 32, 34, 103, 151, 173, 212, 175, 146, 557, 83, 630, 105, 112, 102, 182, 117, 78, 70, 61, 47, 54, 33, 15, 12, 15, 14, 15, 44, 74, 103, 75, 69, 61, 54, 58, 65, 88, 60, 298, 84, 50, 54, 38, 54, 43, 22, 16, 9, 13, 8, 21, 44, 56, 86, 153, 105, 62, 70, 74, 56, 71, 64, 47, 69, 50, 53, 50, 47, 34, 24, 18, 14, 17, 8, 22, 33, 36, 58, 241, 102, 85, 55, 65, 62, 50, 41, 39, 39, 32, 51, 46, 36, 23, 18, 5, 7, 16, 15, 22, 58, 114, 63, 84, 102, 80, 73, 56, 55, 63, 52, 47, 51, 36, 62, 53, 49, 26, 21, 16, 10, 16, 15, 21, 33, 68, 429, 80, 81, 67, 78, 91, 70, 65, 58, 57, 44, 38, 40, 53, 27, 28, 21, 15, 14, 15, 17, 22, 38, 80, 141, 126, 98, 78, 78, 110, 48, 81, 67, 64, 68, 67, 65, 48, 40, 18, 16, 9, 10, 14, 10, 21, 28, 97, 170, 128, 119, 139, 106, 95, 108, 90, 43, 29, 72, 64, 67, 65, 48, 32, 27, 18, 10, 17, 15, 20, 41, 50, 108, 105, 68, 85, 79, 206, 201, 142, 278, 531, 206, 120, 78, 80, 53]
女患者&骨折&拒绝&拍片&用手检查
[2, 1, 0, 0, 0, 0, 0, 0, 3, 0, 3, 0, 3, 1, 0, 0, 6, 0, 2, 1, 5, 4, 3, 0, 0, 0, 0, 0, 0, 0, 0, 0, 1, 0, 0, 2, 0, 4, 9, 4, 10, 5, 2, 10, 7, 5, 7, 5, 2, 0, 1, 0, 0, 1, 1, 6, 6, 2, 7, 4, 1, 4, 7, 1, 3, 1, 14, 5, 12, 31, 55, 66, 33, 10, 4, 7, 1, 4, 6, 22, 41, 47, 24, 20, 27, 15, 23, 22, 14, 11, 7, 16, 9, 13, 13, 15, 2, 4, 2, 3, 1, 2, 7, 13, 34, 30, 34, 16, 31, 35, 29, 25, 57, 49, 53, 43, 76, 54, 71, 56, 36, 17, 6, 5, 6, 11, 17, 25, 53, 152, 159, 2625, 4624, 3489, 2397, 1843, 1631, 1472, 1009, 786, 544, 170, 156, 81, 48, 27, 11, 12, 11, 7, 32, 44, 51, 42, 37, 17, 28, 18, 25, 23, 19, 7, 10, 26, 12, 8, 12, 11, 6, 2, 0, 2, 2, 0, 3, 2, 12, 14, 14, 6, 12, 4, 3, 2, 4, 0, 7, 10, 2, 5, 1, 2, 1, 1, 1, 0, 1, 2, 1, 2, 3, 7, 5, 4, 3, 1, 8, 1, 3, 1, 4, 2, 4, 3, 4, 4, 0, 0, 3, 1, 0, 1, 0, 6, 1, 6, 2, 1, 1, 1, 1, 1, 1, 0, 5, 4, 0, 5, 1, 5, 4, 2, 0, 0, 0, 0, 0, 1, 1, 0, 5, 1, 3, 0, 0, 1, 2, 2, 4, 3, 0, 0, 2, 3, 0, 0, 0, 1, 0, 0, 1, 4, 2, 5, 0, 2, 0, 2, 2, 0, 4, 6, 7, 1, 1, 2, 0, 0, 1, 0, 0, 0, 0, 0, 1, 2, 6, 4, 3, 5, 1, 1, 3, 2, 5, 4, 4, 3, 5, 6, 4, 9, 2, 3, 1, 1, 0, 0, 2, 4, 6, 6, 2, 2, 1, 3, 1, 2, 0, 1, 1, 4, 4, 1, 6, 4, 0, 1, 1, 1, 0, 0, 1, 0, 1, 1, 3, 2, 3, 3, 1, 2, 3, 2, 1, 3, 1, 3]
普京&访日&访问&日本
[23, 14, 9, 10, 13, 5, 14, 19, 52, 80, 60, 120, 45, 92, 36, 35, 24, 42, 20, 13, 10, 17, 10, 11, 2, 5, 3, 2, 12, 10, 9, 20, 16, 36, 25, 40, 8, 14, 20, 24, 22, 39, 40, 57, 127, 113, 89, 65, 28, 19, 30, 18, 16, 21, 44, 83, 136, 194, 194, 239, 257, 249, 268, 685, 575, 473, 359, 285, 329, 348, 411, 288, 186, 66, 54, 45, 50, 62, 113, 177, 288, 322, 343, 666, 404, 261, 266, 274, 310, 290, 262, 302, 254, 288, 317, 198, 148, 66, 59, 43, 78, 61, 104, 205, 318, 377, 326, 259, 241, 136, 194, 181, 191, 155, 99, 158, 135, 146, 146, 109, 129, 48, 25, 45, 51, 75, 48, 97, 188, 168, 178, 136, 121, 106, 77, 88, 87, 80, 71, 87, 81, 96, 71, 65, 62, 32, 16, 13, 16, 9, 23, 56, 75, 59, 65, 51, 54, 39, 38, 36, 33, 37, 36, 31, 49, 39, 48, 38]
欺诈&诈骗&电信
[16, 11, 13, 17, 15, 12, 17, 20, 88, 105, 150, 86, 50, 52, 77, 101, 155, 159, 88, 32, 60, 37, 79, 44, 31, 11, 6, 9, 8, 3, 15, 24, 92, 107, 571, 1046, 539, 657, 663, 690, 711, 455, 244, 258, 186, 212, 232, 109, 60, 30, 22, 27, 48, 40, 105, 200, 421, 582, 436, 300, 207, 247, 221, 270, 318, 249, 144, 106, 115, 103, 66, 64, 24, 15, 12, 10, 8, 9, 24, 69, 161, 278, 314, 250, 86, 163, 166, 238, 242, 165, 74, 76, 73, 60, 73, 54, 23, 14, 6, 15, 11, 5, 35, 58, 149, 251, 206, 247, 80, 111, 167, 193, 123, 92, 92, 35, 38, 54, 59, 60, 31, 11, 5, 6, 2, 7, 9, 25, 63, 59, 88, 55, 43, 29, 81, 61, 93, 38, 77, 97, 51, 30, 23, 20, 18, 12, 3, 2, 2, 5, 11, 19, 58, 56, 49, 53, 71, 52, 34, 66, 38, 45, 34, 49, 42, 33, 32, 26]
检方&检察院&不起诉&雷洋
[1, 0, 0, 0, 0, 0, 0, 1, 3, 0, 5, 8, 20, 12, 1971, 1704, 1084, 918, 895, 824, 715, 600, 663, 510, 314, 160, 107, 127, 145, 212, 330, 341, 330, 304, 251, 204, 176, 165, 168, 144, 117, 102, 94, 132, 115, 98, 87, 49, 26, 13, 12, 15, 28, 25, 98, 152, 88, 282, 396, 201, 152, 148, 110, 77, 79, 77, 69, 96, 69, 91, 59, 36, 15, 10, 9, 9, 12, 21, 40, 156, 237, 168, 91, 85, 72, 67, 60, 38, 35, 5, 19, 18, 10, 8, 17, 10, 8, 3, 5, 5, 4, 10, 22, 27, 34, 102, 98, 36, 57, 69, 50, 35, 23, 15, 27, 28, 21, 28, 66, 42, 22, 13, 10, 5, 10, 12, 40, 32, 29, 26, 44, 24, 25, 16, 18, 27, 21, 10, 45, 8, 18]
潜航器&美&南海
[62, 50, 39, 22, 29, 38, 49, 122, 309, 1075, 187, 178, 129, 116, 102, 133, 126, 137, 110, 100, 133, 144, 132, 95, 93, 37, 15, 21, 27, 23, 56, 89, 328, 347, 329, 270, 194, 1119, 653, 366, 362, 422, 442, 430, 362, 332, 259, 182, 134, 47, 51, 57, 28, 36, 82, 135, 223, 317, 302, 216, 246, 197, 198, 179, 167, 169, 144, 159, 152, 163, 95, 76, 67, 24, 30, 17, 17, 24, 37, 68, 126, 143, 111, 97, 41, 85, 76, 71, 49, 49, 34, 54, 89, 54, 39, 34, 28, 9, 4, 4, 10, 12, 18, 24, 34, 78, 68, 56, 35, 33, 38, 35, 35, 26, 27, 25, 32, 21, 26, 16, 10, 7, 5, 1, 5, 4, 12, 30, 32, 66, 80, 58, 60, 29, 56, 48, 46, 40, 21, 32, 30, 20, 28, 18, 15, 10, 4, 5, 6, 7, 8, 7, 19, 29, 31, 47, 47, 18, 31, 32, 27, 28, 16, 44, 28, 19, 11, 14]
辽宁舰&航母编队
[11, 2, 2, 4, 4, 6, 7, 8, 20, 19, 6, 13, 6, 18, 10, 6, 14, 7, 11, 3, 16, 4, 3, 25, 60, 12, 3, 10, 6, 5, 26, 38, 62, 130, 166, 160, 128, 92, 120, 95, 101, 104, 180, 259, 303, 236, 214, 130, 108, 58, 40, 27, 24, 49, 63, 101, 176, 263, 457, 280, 255, 181, 149, 199, 224, 154, 129, 159, 111, 142, 137, 106, 54, 38, 15, 18, 44, 58, 103, 205, 341, 335, 356, 263, 178, 178, 220, 225, 215, 100, 97, 87, 82, 90, 75, 75, 89, 56, 29, 31, 23, 59, 77, 142, 281, 335, 406, 407, 365, 358, 334, 261, 259, 223, 181, 211, 164, 157, 149, 134, 69, 39, 30, 14, 27, 49, 72, 98, 178, 218, 188, 170, 135, 119, 119, 116, 110, 89, 81, 76, 112, 121]
澳门&回归
[10, 5, 0, 0, 1, 0, 2, 6, 6, 11, 10, 13, 10, 7, 8, 8, 14, 10, 13, 11, 9, 28, 16, 39, 95, 24, 7, 4, 7, 16, 57, 471, 1098, 1380, 1292, 912, 812, 1257, 1225, 795, 548, 665, 677, 709, 559, 423, 441, 427, 164, 51, 21, 20, 13, 16, 39, 103, 228, 192, 153, 103, 51, 84, 122, 92, 57, 63, 65, 29, 72, 38, 25, 27, 5, 7, 4, 4, 3, 5, 5, 11, 16, 24, 22, 19, 7, 13, 17, 21, 19, 16, 10, 23, 12, 23, 19, 13, 10, 6, 4, 3, 4, 4, 5, 8, 15, 14, 13, 13, 17, 4, 9, 6, 11, 5, 1, 5, 3, 10, 5, 3, 6, 0, 1, 0, 0, 0, 1, 2, 4, 3, 6, 2, 0, 6, 5, 3, 0, 3, 5, 2, 7, 2, 1, 3, 0, 1, 1, 0, 0, 0, 1, 2, 6, 2, 3, 1, 1, 2, 2, 2, 5, 2, 3, 2, 3, 9, 7, 6]
赤峰&内蒙古&瓦斯&煤矿&爆炸&事故
[18, 20, 3, 15, 7, 6, 12, 20, 52, 287, 108, 174, 76, 49, 15, 36, 517, 714, 329, 602, 416, 311, 204, 181, 90, 60, 65, 62, 41, 85, 121, 286, 365, 402, 593, 729, 848, 743, 455, 311, 186, 230, 240, 273, 275, 302, 178, 160, 82, 66, 35, 50, 45, 62, 83, 181, 134, 265, 151, 163, 76, 113, 84, 85, 63, 122, 65, 90, 67, 155, 140, 160, 205, 154, 6, 10, 6, 10, 11, 38, 57, 110, 64, 55, 21, 64, 66, 54, 87, 148, 57, 72, 39, 41, 30, 31, 13, 8, 6, 17, 7, 13, 8, 46, 27, 61, 54, 51, 28, 17, 29, 29, 45, 39, 12, 18, 16, 15, 15, 2, 11, 5, 6, 3, 2, 3, 4, 10, 11, 56, 13, 25, 16, 14, 9, 17, 7, 11, 8, 17, 10, 10, 9, 4, 6, 5, 1, 0, 2, 10, 3, 2, 13, 16, 9, 17, 6, 2, 12, 18, 6, 29, 24, 32, 21, 28, 12, 16]
校园&同学&欺凌
[20, 10, 9, 5, 9, 8, 7, 16, 22, 36, 70, 60, 40, 32, 48, 74, 67, 44, 47, 48, 35, 30, 42, 25, 21, 15, 13, 4, 3, 4, 10, 14, 18, 56, 51, 40, 34, 41, 42, 37, 33, 31, 40, 41, 42, 68, 60, 48, 46, 23, 8, 7, 10, 3, 14, 23, 66, 130, 153, 213, 302, 195, 141, 154, 193, 175, 126, 100, 193, 114, 121, 113, 52, 23, 6, 7, 7, 8, 7, 22, 109, 68, 118, 79, 109, 70, 60, 39, 65, 167, 128, 102, 76, 71, 68, 70, 34, 9, 9, 4, 10, 8, 10, 37, 44, 76, 68, 56, 35, 49, 58, 74, 56, 35, 35, 40, 50, 40, 38, 119, 62, 22, 14, 14, 9, 8, 18, 71, 93, 139, 196, 227, 285, 562, 356, 289, 360, 308, 216, 239, 235, 235, 242, 257, 153, 66, 29, 19, 10, 11, 24, 63, 111, 137, 126, 108, 96, 84, 98, 137, 275, 209, 129, 115, 117, 142, 154, 134, 62, 38, 25, 16, 8, 14, 30, 19, 60, 63, 72, 54, 94, 116, 117, 99, 115, 65, 61, 39, 53, 36, 32, 20]
汉奸&港独&台湾&台独
[16, 12, 1, 2, 4, 0, 1, 13, 6, 20, 7, 6, 5, 6, 5, 4, 7, 18, 5, 8, 10, 6, 14, 6, 7, 2, 0, 2, 5, 1, 3, 7, 13, 29, 37, 28, 36, 40, 49, 41, 39, 73, 162, 342, 191, 195, 228, 269, 263, 103, 65, 54, 48, 55, 144, 331, 495, 762, 637, 781, 1171, 659, 408, 341, 345, 277, 265, 271, 264, 389, 365, 346, 219, 188, 45, 26, 16, 22, 40, 85, 107, 117, 115, 111, 75, 116, 66, 73, 66, 56, 62, 90, 55, 78, 70, 61, 44, 21, 21, 5, 4, 7, 21, 38, 70, 167, 104, 66, 59, 47, 29, 32, 46, 36, 46, 83, 71, 77, 78, 67, 31, 21, 13, 7, 7, 9, 19, 20, 36, 29, 30, 53, 43, 23, 42, 26, 34, 61, 69, 75, 74, 85, 89, 45]
日&市场经济
[24, 8, 10, 1, 5, 11, 22, 33, 27, 41, 20, 18, 25, 10, 15, 28, 19, 15, 6, 10, 15, 7, 12, 5, 7, 3, 3, 2, 1, 3, 5, 6, 4, 11, 11, 6, 133, 33, 12, 8, 7, 12, 10, 8, 137, 738, 650, 395, 205, 104, 68, 40, 41, 64, 157, 264, 541, 696, 361, 521, 1342, 447, 325, 311, 291, 210, 245, 233, 309, 326, 233, 244, 107, 70, 29, 27, 24, 36, 84, 115, 220, 276, 203, 169, 175, 148, 110, 81, 83, 90, 80, 80, 71, 88, 68, 83, 44, 24, 20, 12, 14, 15, 22, 50, 73, 60, 51, 62, 57, 69, 52, 51, 61, 52, 65, 104, 102, 83, 80, 73, 12, 12, 2, 3, 2, 9, 9, 16, 26, 35, 45, 35, 27, 38, 28, 39, 48, 40, 22, 28, 45, 18, 19, 17]
韩国&弹劾
[15, 5, 10, 3, 5, 9, 12, 27, 10, 34, 11, 24, 11, 8, 9, 10, 7, 8, 3, 15, 6, 5, 7, 7, 30, 13, 3, 4, 4, 12, 9, 32, 14, 32, 24, 14, 8, 13, 65, 41, 40, 25, 25, 25, 11, 11, 25, 15, 17, 15, 4, 1, 21, 21, 42, 68, 140, 119, 109, 144, 114, 171, 230, 3473, 1391, 840, 640, 421, 358, 311, 221, 184, 212, 71, 53, 31, 90, 75, 126, 175, 216, 213, 199, 160, 129, 139, 141, 98, 87, 79, 69, 72, 63, 73, 55, 45, 32, 6, 10, 12, 17, 10, 30, 31, 86, 56, 64, 57, 45, 27, 36, 29, 67, 52, 43, 50, 53, 44, 33, 24, 11, 15, 9, 3, 8, 7, 15, 42, 54, 79, 110, 204, 55, 74, 95, 44, 49, 59, 50, 36, 38, 38, 29, 15]
美国&美台&军事&国防&授权
[97, 61, 32, 29, 33, 52, 69, 98, 124, 151, 124, 169, 124, 131, 172, 146, 120, 107, 77, 95, 105, 94, 95, 78, 53, 49, 35, 14, 25, 33, 45, 80, 123, 151, 112, 161, 89, 75, 94, 102, 81, 70, 106, 105, 123, 94, 138, 107, 98, 50, 36, 40, 39, 54, 88, 86, 168, 182, 174, 146, 122, 107, 105, 119, 96, 116, 110, 111, 116, 160, 102, 92, 66, 40, 37, 22, 24, 36, 38, 47, 100, 103, 94, 111, 95, 107, 70, 79, 82, 86, 67, 106, 87, 71, 71, 78, 71, 47, 39, 12, 40, 26, 47, 60, 98, 140, 114, 133, 119, 121, 123, 76, 81, 73, 81, 74, 83, 81, 117, 57, 51, 39, 15, 12, 11, 26, 32, 51, 90, 116, 110, 121, 91, 75, 95, 70, 88, 60, 93, 95, 90, 94, 102, 66, 54, 33, 30, 22, 30, 29, 38, 63, 76, 100, 119, 115, 71, 76, 77, 109, 93, 118, 82, 74, 72, 77, 122, 156]
柏林&德国&波兰&卡车&袭击
[6, 9, 3, 3, 4, 6, 7, 9, 10, 7, 5, 6, 7, 3, 10, 9, 5, 8, 3, 1, 2, 5, 14, 7, 3, 5, 4, 43, 435, 385, 458, 591, 687, 903, 571, 384, 312, 238, 220, 167, 189, 174, 546, 348, 232, 453, 289, 212, 110, 91, 101, 84, 76, 52, 162, 144, 187, 184, 144, 142, 74, 77, 92, 91, 65, 73, 47, 103, 75, 72, 44, 49, 48, 39, 37, 34, 31, 44, 36, 51, 167, 183, 143, 91, 30, 52, 75, 71, 45, 58, 65, 41, 42, 34, 33, 38, 20, 15, 11, 16, 22, 17, 21, 41, 59, 76, 85, 47, 39, 18, 23, 40, 29, 75, 147, 98, 65, 73, 49, 32, 26, 26, 16, 19, 26, 8, 20, 38, 41, 41, 42, 23, 34, 13, 21, 25, 17, 17, 26, 19, 31, 27, 17, 9, 11, 15, 10, 6, 14, 12, 19, 31, 24, 26, 30, 14, 11, 17, 12, 13, 8, 11, 10, 14, 14, 14, 17, 9]
罗一笑&去世&遗体
[1190, 1551, 1417, 1043, 899, 1684, 524, 431, 422, 326, 327, 193, 161, 175, 174, 140, 87, 60, 58, 37, 20, 38, 50, 69, 110, 92, 148, 68, 76, 88, 69, 83, 46, 37, 37, 28, 20, 27, 39, 20, 30, 32, 21, 13, 19, 10, 27, 40, 39, 35, 43, 36, 38, 91, 34, 28, 26, 13, 13, 8, 18, 16, 4, 0, 1, 1, 5, 1, 0, 1, 1, 4, 6, 12, 4, 29, 4, 9, 7, 16, 11, 10, 1, 6, 1, 7, 3, 5, 0, 0, 2, 0, 0, 0, 6, 1, 1, 6, 7, 3, 1, 8, 4, 3, 4, 2, 2, 2, 11, 1]
市场经济地位
[47, 25, 7, 15, 15, 14, 30, 51, 97, 161, 125, 170, 106, 97, 96, 120, 96, 113, 135, 150, 148, 146, 100, 65, 50, 51, 8, 14, 12, 15, 44, 143, 171, 274, 123, 200, 188, 118, 81, 118, 62, 66, 56, 59, 72, 61, 70, 36, 45, 54, 13, 42, 15, 35, 41, 102, 101, 142, 78, 106, 38, 68, 56, 62, 59, 70, 40, 50, 43, 40, 48, 50, 29, 19, 17, 14, 9, 12, 20, 66, 121, 119, 65, 53, 44, 39, 49, 205, 259, 390, 174, 149, 169, 226, 281, 176, 151, 71, 38, 30, 22, 50, 58, 88, 119, 100, 95, 54, 150, 91, 57, 40, 80, 72, 63, 68, 38, 58, 76, 39, 27, 16, 17, 2, 5, 3, 12, 21, 67, 36, 31, 40, 28, 31, 22, 23, 21, 15, 15, 59, 24, 15, 32, 19, 11, 11, 6, 5, 7, 1, 6, 7, 11, 24, 18, 17, 24, 12, 19, 11, 10, 15, 16, 8, 16, 24, 18, 6]
反腐&中国&中央
[36, 14, 12, 12, 20, 20, 80, 102, 107, 103, 94, 91, 57, 59, 66, 115, 127, 162, 82, 91, 148, 124, 114, 93, 66, 22, 29, 13, 13, 23, 51, 75, 93, 121, 55, 68, 66, 59, 57, 65, 68, 70, 66, 94, 64, 93, 128, 118, 48, 15, 15, 13, 12, 12, 29, 57, 72, 79, 53, 114, 60, 33, 65, 64, 60, 84, 91, 105, 115, 108, 77, 63, 14, 12, 10, 9, 15, 35, 41, 101, 99, 61, 90, 89, 105, 71, 79, 89, 62, 66, 49, 95, 111, 81, 94, 86, 29, 18, 10, 20, 19, 29, 49, 92, 102, 175, 120, 102, 39, 64, 74, 63, 71, 63, 65, 77, 86, 84, 84, 63, 42, 16, 6, 6, 10, 32, 35, 93, 105, 88, 64, 65, 46, 56, 85, 54, 44, 53, 56, 75, 58, 116, 101, 29, 26, 13, 7, 16, 13, 22, 33, 56, 85, 64, 104, 78, 47, 48, 62, 54, 66, 41, 60, 48, 62, 84, 86, 40]
美&华人&请愿
[129, 65, 44, 35, 23, 31, 39, 85, 143, 194, 176, 151, 145, 110, 156, 157, 238, 200, 154, 131, 123, 139, 97, 93, 60, 32, 29, 25, 20, 14, 25, 30, 82, 111, 71, 99, 101, 115, 78, 100, 94, 91, 82, 79, 77, 66, 75, 55, 43, 30, 15, 10, 11, 13, 12, 39, 41, 36, 68, 107, 87, 53, 67, 89, 49, 91, 81, 57, 53, 81, 52, 80, 25, 31, 28, 16, 22, 19, 16, 51, 72, 94, 98, 105, 74, 109, 102, 124, 90, 130, 61, 80, 72, 100, 100, 61, 63, 63, 23, 15, 13, 18, 24, 50, 59, 79, 88, 87, 74, 71, 89, 100, 72, 100, 39, 50, 58, 73, 83, 62, 69, 40, 15, 20, 11, 15, 16, 35, 48, 103, 84, 78, 96, 59, 80, 112, 114, 169, 99, 90, 63, 55, 69, 59]
保利俱乐部
[176, 171, 60, 36, 40, 61, 146, 168, 166, 74, 59, 63, 40, 43, 19, 32, 21, 8, 7, 24, 54, 78, 124, 577, 917, 912, 606, 365, 256, 236, 98, 101, 100, 166, 81, 56, 67, 60, 41, 20, 22, 6, 12, 27, 57, 112, 120, 140, 235, 128, 154, 119, 129, 95, 73, 95, 85, 88, 95, 91, 71, 66, 35, 35, 10, 21, 20, 35, 100, 210, 239, 189, 135, 81, 111, 110, 82, 227, 140, 82, 91, 56, 56, 8]
农村&三农&会议&习近平
[6, 1, 2, 0, 2, 3, 1, 5, 23, 58, 36, 22, 8, 193, 134, 41, 34, 45, 24, 33, 21, 27, 32, 5, 10, 3, 2, 0, 6, 3, 13, 34, 344, 1084, 45, 25, 6, 14, 16, 23, 15, 17, 11, 51, 155, 82, 123, 60, 39, 16, 11, 7, 38, 35, 69, 176, 766, 2215, 417, 170, 84, 86, 70, 86, 103, 73, 37, 43, 43, 28, 22, 20, 14, 5, 4, 2, 4, 5, 7, 19, 97, 133, 100, 60, 1, 29, 43, 62, 39, 49, 31, 30, 28, 167, 95, 41, 22, 14, 10, 11, 14, 11, 21, 42, 114, 80, 76, 57, 35, 48, 52, 48, 46, 27, 31, 22, 16, 15, 10, 6, 6, 2, 1, 2, 6, 1, 4, 14, 22, 14, 22, 13, 16, 8, 18, 11, 8, 9, 12, 12, 17, 14, 8, 8, 11, 2, 2, 6, 2, 4, 2, 6, 11, 10, 12, 9, 4, 10, 13, 19, 15, 2, 4, 13, 4, 4, 8, 12]
圣普&圣多美和普林西比&台湾&中国&大陆&断交&建交
[29, 11, 7, 4, 1, 5, 8, 18, 21, 33, 20, 30, 35, 29, 15, 31, 62, 28, 33, 16, 27, 23, 14, 13, 8, 10, 4, 2, 3, 2, 2, 18, 69, 196, 206, 167, 198, 113, 79, 93, 102, 108, 86, 81, 52, 73, 75, 43, 37, 12, 14, 4, 5, 13, 27, 65, 114, 155, 107, 159, 116, 91, 46, 36, 51, 31, 42, 91, 64, 49, 118, 86, 39, 9, 15, 5, 19, 21, 20, 47, 49, 40, 44, 35, 37, 37, 35, 30, 26, 20, 28, 22, 14, 20, 24, 13, 8, 9, 5, 1, 2, 4, 3, 3, 22, 23, 15, 7, 20, 17, 32, 17, 15, 15, 6, 23, 14, 19, 12, 12, 14, 8, 1, 3, 7, 3, 6, 5, 12, 25, 19, 16, 30, 39, 26, 27, 23, 26, 21, 24, 28, 19, 27, 60, 24, 7, 3, 10, 10, 6, 25, 52, 67, 105, 58, 47, 58, 389, 203, 127, 162, 64, 51, 57, 47, 56, 51, 33, 46, 23, 13, 10, 25, 19, 32, 38, 136, 103, 88, 66, 51, 58, 53, 28, 28, 35, 28, 36, 37, 16, 31, 35, 26, 16, 8, 3, 9, 9, 6, 14, 28, 28, 38, 31, 36, 29, 18, 16, 14, 28, 27, 15, 25, 23]
龙应台&港大&启蒙歌&我的祖国
[211, 96, 63, 41, 41, 35, 132, 186, 352, 448, 391, 316, 479, 367, 212, 190, 197, 135, 141, 113, 109, 178, 199, 167, 131, 76, 28, 23, 15, 22, 49, 82, 136, 121, 146, 141, 116, 115, 88, 71, 77, 59, 57, 60, 46, 47, 82, 89, 53, 31, 13, 6, 13, 14, 17, 34, 31, 60, 52, 38, 48, 74, 29, 31, 43, 18, 21, 38, 21, 34, 31, 37, 15, 8, 5, 1, 3, 5, 4, 14, 18, 26, 32, 28, 19, 25, 25, 21, 20, 19, 14, 12, 20, 15, 25, 17, 23, 18, 9, 5, 2, 5, 14, 9, 19, 27, 12, 12, 12, 8, 19, 17, 11, 14, 11, 15, 7, 24, 13, 13, 5, 10, 1, 0, 2, 0, 0, 3, 11, 7, 8, 6, 7, 6, 5, 14, 10, 3, 1, 8, 8, 9, 5, 6, 4, 3, 1, 2, 1, 0, 5, 0, 1, 5, 6, 3, 5, 1, 3, 8, 3, 5, 6, 4, 9, 2, 3, 1]
安倍&夏威夷&珍珠港
[1, 0, 0, 0, 0, 0, 0, 0, 0, 45, 137, 70, 79, 52, 47, 23, 20, 9, 21, 10, 15, 19, 23, 67, 197, 75, 108, 79, 76, 56, 68, 29, 62, 34, 43, 39, 75, 43, 60, 19, 19, 10, 28, 11, 28, 16, 46, 78, 223, 393, 792, 639, 365, 200, 186, 200, 217, 335, 263, 165, 152, 101, 115, 51, 25, 9, 14, 8, 28, 23, 72, 73, 115, 104, 93, 34, 61, 35, 43, 33, 40, 30, 31, 47, 37, 27, 18, 12, 9, 2, 2, 7, 4, 3, 22, 21, 56, 29, 46, 10, 15, 21, 19, 12, 17, 8, 8, 11, 14, 11, 16, 10, 8, 3, 5, 3, 4, 0, 10, 18, 2, 9, 9, 13, 3, 7, 5, 8, 6, 5, 3, 6, 5, 4, 7, 2]
国旗&钢管&退赛
[6, 12, 18, 38, 52, 68, 53, 14, 5, 9, 1, 7, 27, 52, 85, 231, 251, 260, 266, 241, 213, 219, 238, 234, 162, 198, 828, 452, 312, 236, 118, 40, 21, 14, 18, 19, 28, 78, 92, 134, 126, 100, 79, 58, 64, 54, 62, 57, 152, 49, 33, 16, 23, 18, 16, 8, 5, 4, 3, 6, 3, 9, 16, 16, 18, 12, 10, 12, 17, 8, 12, 16, 16, 14, 12, 14, 9, 14, 12, 8, 3, 6, 6, 4, 8, 15, 12, 17, 6, 8, 6, 8, 4, 3, 10, 4, 4, 5, 5, 4, 3, 3, 7, 4, 3, 3, 4, 3, 3, 3, 5, 6, 4, 6, 4, 5, 6, 3, 3, 5, 6, 5, 5, 7, 7, 4, 1]
尼日利亚&塑料&大米
[1, 0, 3, 1, 0, 0, 0, 1, 3, 0, 0, 0, 1, 2, 0, 1, 0, 0, 0, 1, 0, 2, 0, 1, 1, 3, 1, 2, 2, 0, 1, 1, 1, 2, 1, 0, 1, 0, 18, 52, 10, 9, 0, 2, 0, 0, 0, 0, 4, 2, 3, 1, 1, 3, 0, 2, 2, 2, 1, 2, 1, 0, 4, 4, 1, 2, 1, 1, 0, 2, 0, 5, 7, 3, 18, 28, 28, 25, 20, 9, 6, 11, 4, 3, 14, 12, 24, 15, 5, 9, 97, 20, 13, 45, 37, 55, 79, 138, 624, 402, 277, 256, 392, 269, 201, 202, 101, 97, 70, 62, 64, 89, 88, 48, 27, 19, 21, 25, 49, 29, 58, 55, 79, 57, 40, 45, 81, 119, 117, 70, 44, 26, 34, 25, 37, 23, 36, 64, 41, 15, 10, 5, 10, 7, 9, 18, 26, 30, 34, 20, 21, 7, 15, 10, 7, 19, 10, 7, 6, 10, 10, 6]
辽宁&岫岩&洪灾&瞒报
[6, 1, 0, 0, 1, 1, 3, 27, 28, 28, 47, 120, 130, 92, 258, 93, 176, 164, 116, 91, 112, 77, 83, 54, 32, 27, 32, 26, 18, 29, 67, 88, 175, 193, 226, 86, 72, 55, 57, 32, 65, 13, 41, 38, 47, 17, 14, 5, 13, 2, 25, 10, 11, 3, 16, 47, 58, 13, 39, 19, 13, 19, 14, 383, 293, 178, 106, 117, 45, 46, 24, 12, 16, 12, 11, 26, 18, 22, 56, 94, 104, 54, 38, 25, 14, 26, 21, 16, 14, 18, 25, 27, 21, 12, 15, 3, 1, 1, 1, 0, 3, 7, 6, 22, 15, 7, 12, 5, 7, 12, 11, 11, 10, 9, 10, 8, 7, 16, 7, 3, 3, 2, 2, 0, 3, 1, 1, 10, 3, 5, 2, 3, 5, 4, 4, 7, 3, 2, 7, 2, 2, 10, 1]
台湾&高中生&校庆&纳粹
[1, 0, 0, 0, 0, 0, 0, 1, 3, 0, 0, 6, 0, 2, 0, 0, 0, 0, 1, 2, 4, 5, 5, 3, 4, 0, 1, 2, 0, 1, 10, 22, 42, 56, 85, 70, 64, 133, 98, 63, 99, 105, 109, 116, 98, 81, 57, 38, 13, 6, 14, 16, 23, 24, 48, 89, 92, 76, 59, 53, 51, 72, 69, 95, 130, 99, 62, 44, 61, 32, 26, 38, 29, 17, 6, 19, 9, 17, 59, 72, 75, 74, 74, 109, 113, 100, 203, 80, 79, 296, 24, 18, 14, 9, 22, 13, 7, 3, 9, 4, 7, 12, 34, 44, 53, 69, 49, 33, 29, 22, 38, 19, 15, 7, 18, 17, 19, 18, 5, 5, 7, 3, 2, 2, 3, 1, 5, 11, 12, 31, 37, 39, 27, 18, 18, 22, 5, 16, 23, 16, 5]
贵州&凯里&行长&命案&灭门&黄德坤
[6, 31, 156, 221, 144, 121, 129, 122, 82, 64, 59, 60, 66, 67, 46, 46, 19, 18, 26, 26, 41, 38, 76, 106, 139, 122, 156, 133, 95, 50, 56, 57, 34, 30, 74, 47, 57, 86, 26, 28, 16, 8, 6, 10, 14, 10, 16, 18, 15, 31, 65, 55, 50, 41, 31, 22, 10, 14, 28, 45, 33, 44, 26, 24, 7, 8, 5, 5, 10, 11, 24, 16, 21, 17, 17, 10, 15, 6, 15, 9, 11, 9, 7, 7, 4, 10, 3, 1, 0, 1, 1, 1, 2, 4, 18, 6, 5, 2, 4, 5, 3, 4, 2, 8, 2, 8, 0, 1, 2, 3, 2, 3, 2, 0, 2, 0, 2, 1, 3, 4, 3, 1, 3, 1, 1, 2, 3, 1, 0, 1, 1, 2, 3, 12, 3, 1, 0, 0, 1, 0, 1, 0, 3, 1, 4, 4, 4, 2, 0, 2, 0, 4, 1, 2, 1, 5, 4, 4, 2, 1, 0, 0, 1, 0, 1, 0, 8, 0, 1, 1, 4, 8, 3, 5, 3, 1, 3, 6, 2, 1, 0, 0, 0, 0, 1, 1, 0, 1, 0, 0, 1, 0, 0, 0, 3, 13, 56, 131, 93, 52, 28, 30, 19, 27, 14, 9, 11, 9, 7, 2, 2, 7, 6, 12, 32, 22, 27, 21, 23, 16, 19, 13, 9, 9, 9, 7, 4, 6, 5, 4, 2]
中国&挪威
[5, 0, 1, 2, 0, 4, 1, 1, 1, 1, 7, 4, 2, 2, 3, 5, 4, 41, 15, 134, 177, 203, 235, 168, 75, 28, 19, 8, 17, 17, 27, 49, 97, 152, 135, 95, 104, 76, 71, 57, 44, 32, 19, 22, 26, 29, 29, 36, 30, 8, 6, 13, 15, 16, 20, 46, 110, 163, 125, 75, 165, 138, 93, 58, 49, 22, 37, 34, 24, 42, 33, 22, 20, 9, 8, 6, 3, 6, 8, 6, 26, 32, 22, 14, 10, 14, 11, 18, 12, 38, 10, 8, 9, 8, 16, 9, 10, 4, 1, 1, 6, 2, 4, 9, 6, 23, 10, 10, 16, 8, 8, 15, 20, 26, 14, 14, 11, 8, 8, 25, 14, 6, 3, 2, 2, 1, 2, 14, 16, 26, 9, 11, 16, 4, 9, 9, 7, 5, 9, 6, 4, 8, 8, 6, 1, 4, 2, 2, 1, 0, 3, 0, 9, 7, 3, 8, 16, 5, 9, 9, 3, 5, 5, 5, 5, 5, 3, 8]
梁振英&放弃&连任&参选
[1, 0, 1, 1, 0, 0, 0, 1, 8, 1017, 571, 265, 230, 131, 132, 106, 95, 99, 39, 25, 26, 6, 25, 18, 46, 59, 82, 50, 45, 28, 31, 38, 38, 14, 33, 25, 19, 19, 16, 7, 19, 7, 10, 4, 3, 0, 2, 4, 9, 16, 37, 6, 10, 7, 4, 5, 6, 11, 7, 1, 5, 10, 10, 4, 6, 3, 0, 0, 2, 1, 1, 1, 1, 1, 12, 7, 19, 8, 10, 8, 13, 11, 7, 2, 6, 5, 2, 6, 2, 4, 3, 0, 1, 2, 1, 3, 2, 0, 4, 6, 5, 3, 8, 2, 5, 6, 8, 20, 17, 10, 5, 8, 11, 6, 3, 0, 2, 3, 1, 2, 2, 9, 12, 16, 7, 4, 1, 3, 5, 4, 2, 7, 1, 0, 3, 2, 2, 1, 0, 0, 0, 1, 0, 0, 1, 7, 7, 5, 7, 1, 3, 4, 3, 4, 3, 2, 8, 3, 0, 4, 2]
海霸王&台湾&台独&绿色&蔡英文
[2, 0, 1, 1, 2, 3, 3, 12, 33, 30, 22, 2, 4, 38, 36, 34, 37, 76, 48, 36, 24, 12, 19, 10, 12, 11, 7, 2, 8, 3, 12, 4, 12, 10, 27, 15, 10, 14, 5, 6, 8, 4, 5, 5, 6, 15, 6, 4, 4, 2, 2, 0, 3, 1, 0, 7, 12, 1, 3, 2, 2, 3, 2, 2, 1, 1, 12, 1, 3, 0, 1, 2, 0, 0, 1, 0, 0, 1, 0, 2, 1, 8, 36, 43, 61, 55, 63, 63, 107, 79, 51, 75, 104, 65, 45, 34, 14, 5, 5, 5, 5, 12, 9, 50, 55, 68, 69, 92, 125, 436, 109, 105, 63, 74, 49, 47, 27, 35, 40, 40, 11, 3, 3, 4, 5, 6, 19, 37, 30, 12, 33, 9, 14, 8, 19, 10, 34, 10, 9, 6, 24, 9, 3, 5, 5, 23, 12, 1, 8, 2, 4, 4, 16, 8, 7, 14, 14, 5, 1, 2, 2, 2, 6, 8, 3, 11, 6, 1, 2, 3, 3, 1, 0, 1, 0, 1, 3, 3, 1, 6, 0, 2, 4, 3, 1, 3, 3, 1, 1, 3, 1, 1]
经济&新常态
[10, 2, 2, 1, 4, 4, 10, 13, 32, 35, 39, 22, 10, 13, 17, 19, 22, 4, 14, 14, 9, 10, 8, 16, 20, 7, 6, 2, 2, 4, 11, 35, 79, 178, 139, 103, 69, 81, 89, 98, 80, 123, 143, 96, 60, 56, 183, 60, 21, 12, 4, 2, 6, 12, 20, 24, 54, 58, 58, 42, 30, 31, 46, 37, 33, 22, 59, 41, 46, 23, 16, 24, 17, 3, 11, 0, 39, 16, 1, 9, 43, 56, 43, 30, 22, 16, 25, 29, 28, 24, 20, 38, 89, 30, 20, 17, 8, 2, 10, 2, 7, 8, 6, 13, 20, 7, 24, 19, 16, 23, 20, 13, 15, 14, 18, 10, 11, 20, 13, 14]
中国&中央&万里
[8, 8, 4, 4, 4, 9, 9, 14, 15, 9, 21, 30, 18, 16, 16, 22, 32, 17, 61, 152, 122, 76, 47, 24, 30, 13, 12, 9, 20, 17, 29, 53, 76, 77, 50, 46, 23, 21, 56, 72, 36, 22, 26, 29, 16, 23, 31, 19, 12, 4, 20, 15, 6, 16, 14, 15, 24, 34, 32, 29, 18, 16, 17, 12, 25, 28, 13, 31, 11, 22, 26, 8, 7, 8, 10, 11, 5, 11, 17, 9, 20, 28, 17, 18, 18, 24, 22, 27, 43, 48, 28, 20, 22, 28, 13, 25, 14, 10, 8, 11, 15, 10, 13, 21, 35, 26, 27, 24, 19, 38, 18, 24, 16, 16, 13, 20, 21, 22, 20, 19]
阿里&恶名市场
[32, 30, 116, 113, 119, 68, 43, 117, 85, 65, 40, 52, 61, 73, 57, 44, 52, 32, 19, 8, 10, 4, 6, 15, 20, 185, 99, 94, 92, 79, 51, 49, 49, 38, 33, 28, 27, 24, 15, 25, 30, 16, 9, 3, 4, 0, 6, 5, 8, 10, 20, 9, 7, 10, 9, 13, 5, 7, 9, 5, 3, 9, 13, 3, 4, 3, 1, 0, 0, 0, 1, 2, 3, 3, 6, 1, 5, 1, 1, 5, 1, 1, 2, 2, 2, 2, 3, 2, 2, 3, 1, 2, 0, 1, 2, 4, 1, 4, 4, 11, 2, 6, 4, 4, 2, 6, 6, 0, 2, 0, 4, 3, 1, 1, 1, 0, 0, 3, 0, 0, 0, 1, 8, 2, 2, 5, 1, 1, 1, 0, 1, 1, 0, 1, 0, 2, 3, 0, 0, 0, 0, 0, 1, 0, 0, 0, 2, 2, 6, 1, 0, 1, 2, 0, 2, 1, 1, 1, 2]
中央&政治局&房地产
[1, 0, 0, 0, 0, 1, 1, 2, 10, 1, 4, 4, 3, 3, 5, 2, 9, 23, 23, 26, 20, 69, 31, 15, 6, 1, 5, 1, 5, 5, 20, 18, 36, 19, 25, 16, 43, 51, 26, 24, 17, 16, 19, 10, 16, 18, 21, 18, 11, 5, 2, 1, 3, 7, 10, 8, 19, 9, 9, 11, 8, 13, 8, 15, 4, 6, 8, 9, 8, 5, 12, 8, 4, 7, 2, 0, 2, 2, 10, 44, 200, 80, 85, 23, 29, 33, 24, 10, 23, 24, 11, 8, 18, 10, 10, 7, 8, 2, 0, 0, 4, 9, 15, 23, 54, 53, 47, 6, 17, 18, 12, 14, 14, 11, 7, 5, 13, 2, 2, 0, 3, 3, 4, 0, 3, 4, 6, 9, 20, 20, 63, 10, 10, 16, 8, 58, 7, 14, 45, 13, 4, 9, 3, 6, 4, 1, 2, 3, 0, 2, 3, 2, 10, 16, 11, 44, 12, 40, 12, 11, 14, 29, 22, 27, 20, 11, 11, 4]
垃圾&倾倒&长江
[11, 9, 5, 2, 7, 9, 17, 16, 23, 29, 49, 38, 41, 90, 68, 37, 30, 27, 28, 24, 48, 59, 23, 64, 47, 15, 20, 10, 18, 15, 26, 69, 90, 80, 49, 31, 31, 35, 26, 30, 16, 19, 9, 9, 45, 40, 23, 15, 30, 16, 8, 6, 11, 15, 26, 35, 54, 51, 46, 28, 24, 73, 51, 12, 13, 7, 10, 4, 10, 25, 12, 14, 11, 8, 3, 6, 3, 4, 6, 11, 18, 15, 24, 25, 24, 15, 16, 18, 11, 5, 7, 5, 9, 6, 6, 13, 3, 2, 3, 7, 2, 1, 2, 4, 10, 2, 9, 7, 2, 7, 6, 1, 6, 4, 8, 8, 5, 6]
香港&选委&名单&结果
[18, 4, 1, 4, 7, 3, 5, 5, 15, 22, 19, 32, 16, 12, 13, 23, 26, 65, 58, 44, 45, 35, 38, 11, 27, 7, 9, 9, 10, 7, 11, 13, 20, 32, 36, 33, 20, 32, 20, 21, 54, 30, 37, 39, 37, 36, 48, 37, 16, 12, 8, 2, 7, 8, 9, 18, 19, 34, 33, 24, 16, 22, 30, 28, 19, 12, 18, 16, 14, 24, 26, 15, 19, 14, 11, 5, 3, 3, 5, 4, 9, 19, 13, 16, 20, 18, 9, 17, 19, 12, 8, 11, 9, 9, 12, 15, 19, 10, 1, 2, 12, 9, 7, 12, 17, 18, 6, 27, 14, 18, 15, 8, 14, 9, 13, 8, 10, 23, 10, 21, 17, 1, 3, 2, 4, 2, 4, 3, 8, 8, 5, 12, 24, 2, 7, 12, 13, 16, 21, 22, 35, 28, 22, 23]
港独&议员&资格&取消
[8, 2, 2, 2, 2, 2, 4, 11, 31, 19, 22, 20, 15, 11, 9, 11, 13, 12, 11, 5, 15, 22, 46, 31, 11, 5, 5, 6, 3, 14, 13, 12, 32, 70, 29, 20, 22, 11, 9, 13, 12, 4, 1, 1, 9, 1, 4, 3, 5, 1, 1, 0, 2, 0, 0, 2, 6, 3, 7, 9, 8, 5, 0, 4, 12, 22, 37, 17, 18, 25, 16, 20, 11, 7, 5, 7, 8, 16, 23, 59, 88, 67, 79, 43, 60, 29, 35, 16, 13, 15, 33, 9, 13, 25, 11, 13, 13, 7, 5, 2, 7, 28, 37, 89, 109, 80, 53, 42, 32, 45, 27, 23, 22, 15, 15, 12, 20, 13, 14, 9, 3, 22, 1, 0, 2, 1, 0, 9, 4, 3, 8, 10, 1, 1, 6, 1, 9, 1, 2, 3, 1, 3, 4, 2]
王岐山&讲话
[8, 3, 5, 41, 60, 172, 216, 322, 167, 155, 88, 93, 66, 93, 63, 40, 39, 24, 41, 31, 19, 17, 10, 2, 5, 2, 4, 9, 7, 17, 11, 8, 4, 9, 4, 10, 9, 7, 3, 6, 3, 4, 1, 7, 3, 4, 0, 3, 1, 4, 0, 3, 0, 2, 0, 0, 2, 1, 1, 0, 3, 2, 2, 1, 1, 5, 0, 3, 3, 1, 0, 0, 0, 0, 0, 0, 0, 3, 5, 2, 1, 0, 3, 1, 0, 4, 6, 3, 0, 3, 1, 1, 2, 2, 0, 1, 0, 0, 0, 1, 1, 1, 0, 3, 2, 1, 0, 2, 2, 0, 1, 1, 1, 0, 0, 1, 0, 0, 0, 0, 0, 0, 0, 0, 0, 0, 1, 1, 1, 3, 3, 1, 2, 2, 1, 0, 0, 1, 1, 0, 0, 3]
中俄&否决&叙利亚&决议
[1, 1, 0, 2, 1, 9, 0, 2, 0, 0, 0, 1, 2, 0, 2, 0, 0, 4, 12, 16, 5, 15, 8, 24, 51, 50, 26, 28, 27, 28, 26, 24, 25, 29, 31, 36, 24, 26, 17, 7, 6, 3, 5, 10, 31, 47, 57, 48, 31, 22, 16, 12, 22, 16, 13, 13, 15, 113, 58, 66, 49, 30, 18, 10, 5, 2, 6, 9, 9, 12, 20, 38, 12, 22, 25, 19, 11, 6, 8, 13, 15, 8, 11, 10, 7, 15, 7, 2, 2, 0, 0, 1, 0, 5, 8, 7, 12, 5, 9, 8, 10, 6, 2, 8, 3, 3, 2, 7, 1, 5, 5, 9, 7, 4, 2, 1, 7, 13, 17, 11, 47, 30, 21, 26, 18, 20, 18, 9, 11, 18, 18, 5, 15, 10]
山东&泰安&刘卫东
[3, 0, 0, 0, 2, 0, 19, 226, 223, 108, 141, 60, 68, 37, 43, 21, 27, 7, 4, 0, 2, 29, 24, 29, 73, 77, 68, 38, 33, 29, 53, 35, 31, 14, 21, 16, 12, 5, 5, 4, 1, 3, 0, 0, 1, 0, 2, 3, 1, 3, 0, 0, 2, 0, 3, 3, 2, 0, 2, 0, 2, 3, 1, 0, 4, 1, 0, 0, 0, 0, 0, 1, 1, 2, 8, 2, 0, 1, 0, 0, 0, 0, 0, 0, 2, 1, 1, 0, 0, 0, 0, 0, 0, 0, 0, 1, 1, 1, 0, 0, 1, 0, 1, 6, 0, 0, 1, 0, 1]
中国&西班牙&中西&台湾&电信诈骗
[8, 0, 6, 1, 2, 0, 3, 7, 9, 3, 15, 8, 6, 3, 5, 4, 1, 4, 1, 5, 6, 2, 2, 4, 1, 0, 1, 0, 0, 3, 2, 4, 3, 1, 2, 0, 3, 5, 7, 2, 4, 1, 4, 0, 0, 2, 1, 0, 0, 0, 0, 0, 0, 1, 1, 2, 1, 4, 16, 3, 46, 50, 40, 18, 21, 23, 28, 29, 30, 17, 5, 7, 2, 0, 2, 3, 3, 9, 10, 32, 65, 77, 55, 14, 40, 94, 61, 42, 43, 39, 32, 16, 20, 15, 6, 7, 1, 2, 1, 1, 3, 3, 3, 19, 16, 29, 22, 23, 10, 19, 11, 19, 20, 18, 26, 23, 37, 23, 11, 7, 2, 3, 3, 0, 4, 1, 5, 18, 12, 13, 5, 5, 5, 4, 5, 4, 8, 4, 5, 10, 2, 3, 4]
美敦力&发改委
[42, 8, 23, 6, 18, 5, 13, 7, 9, 3, 20, 12, 3, 10, 9, 4, 2, 2, 1, 0, 17, 14, 48, 19, 20, 7, 8, 18, 10, 16, 6, 7, 5, 13, 4, 21, 13, 23, 6, 3, 3, 2, 5, 34, 57, 102, 126, 74, 51, 44, 48, 26, 23, 22, 8, 8, 19, 40, 27, 29, 14, 14, 9, 1, 1, 1, 2, 24, 24, 24, 23, 17, 9, 7, 3, 5, 3, 1, 7, 2, 5, 5, 3, 1, 4, 1, 1, 1, 4, 0, 2, 2, 1, 0, 5, 9, 6, 2, 6, 2, 1, 2, 2, 4, 0, 10, 8, 2, 0, 2, 3, 0, 0, 0, 0, 0, 3, 2, 1, 5, 7, 1, 1, 3, 4, 2, 6, 1, 1, 0, 2, 2, 1, 2, 0, 0, 0, 0, 0, 0, 2, 2, 6, 2, 1, 0, 2, 2, 4, 3, 4, 1, 1, 0, 2, 1, 1]
西沙&南沙&海军&纪念&周年
[3, 4, 0, 1, 0, 0, 1, 4, 4, 10, 14, 15, 4, 9, 19, 15, 28, 41, 50, 38, 37, 42, 17, 15, 13, 3, 3, 4, 2, 15, 13, 14, 110, 100, 86, 49, 34, 30, 21, 38, 23, 27, 22, 10, 12, 15, 20, 14, 8, 4, 1, 5, 3, 2, 3, 6, 4, 11, 13, 5, 4, 8, 2, 1, 9, 9, 1, 3, 0, 4, 0, 3, 1, 1, 0, 0, 0, 0, 2, 2, 1, 2, 5, 6, 1, 3, 2, 4, 0, 2, 5, 1, 0, 2, 2, 3, 0, 1, 0, 1, 1, 1, 1, 6, 2, 8, 7, 14, 9, 3, 5, 6, 1, 4, 7, 7, 6, 9, 2, 3, 0, 0, 1, 2, 0, 0, 1, 3, 5, 3, 3, 17, 4, 8, 2, 1, 1, 0, 2, 1, 4, 2, 4, 0, 5, 2, 1, 0, 0, 1, 3, 3, 6, 2, 0, 5, 2, 3, 3, 7, 10, 11, 6, 10, 10, 8, 7, 4]
中国&中企&斯里兰卡&港口
[7, 2, 1, 1, 2, 4, 5, 3, 14, 13, 11, 15, 6, 11, 9, 7, 9, 9, 6, 5, 7, 7, 5, 7, 7, 4, 0, 4, 0, 8, 6, 8, 13, 18, 11, 19, 11, 5, 17, 11, 10, 12, 8, 20, 12, 15, 9, 4, 6, 7, 3, 0, 6, 5, 1, 7, 6, 18, 18, 10, 8, 7, 11, 7, 7, 3, 7, 5, 3, 1, 5, 8, 5, 5, 2, 2, 2, 0, 8, 4, 4, 7, 5, 4, 12, 3, 10, 7, 5, 8, 3, 5, 9, 5, 14, 12, 3, 6, 1, 0, 2, 0, 2, 3, 6, 14, 12, 10, 9, 17, 6, 9, 14, 9, 10, 10, 3, 1, 6, 7, 3, 3, 0, 7, 5, 5, 13, 15, 19, 19, 32, 19, 13, 12, 15, 10, 14, 9, 5, 7, 7, 7, 13, 15, 12, 1, 2, 3, 2, 6, 5, 3, 22, 27, 12, 14, 12, 15, 14, 11, 9, 6, 4, 9, 7, 13, 24, 9]
英国&南海
[1, 0, 0, 0, 1, 0, 1, 1, 1, 1, 1, 0, 1, 0, 0, 0, 0, 5, 3, 0, 0, 1, 4, 1, 0, 0, 0, 0, 0, 1, 0, 2, 1, 0, 12, 19, 13, 31, 35, 37, 38, 44, 51, 46, 31, 21, 10, 36, 1, 5, 6, 3, 6, 23, 24, 44, 54, 33, 32, 29, 21, 21, 31, 24, 17, 16, 22, 13, 15, 20, 16, 5, 5, 3, 0, 2, 2, 2, 3, 16, 12, 17, 20, 28, 10, 4, 10, 8, 2, 3, 10, 12, 9, 7, 2, 4, 0, 1, 0, 0, 1, 2, 4, 5, 8, 3, 7, 9, 2, 2, 3, 1, 2, 2, 1, 4, 12, 4, 7, 2, 1, 2, 1, 1, 2, 0, 2, 1, 9, 5, 10, 7, 2, 5, 5, 0, 2, 1, 4, 1, 2, 1, 2, 1, 2, 0, 1, 0, 0, 0, 1, 1, 4, 5, 0, 1, 1, 6, 2, 6, 3, 2, 6, 1, 3, 3, 1]
湖北&巴东&陈行甲
[27, 55, 41, 22, 18, 11, 13, 11, 5, 6, 7, 5, 1, 4, 1, 6, 5, 9, 20, 20, 23, 15, 10, 14, 12, 11, 8, 16, 4, 5, 3, 1, 6, 1, 5, 0, 2, 2, 2, 2, 1, 2, 4, 4, 4, 5, 4, 2, 3, 2, 2, 3, 1, 6, 1, 0, 0, 1, 0, 1, 0, 0, 0, 0, 0, 0, 1, 3, 3, 4, 2, 1, 1, 2, 2, 6, 11, 2, 10, 9, 7, 9, 9, 1, 2, 3, 1, 1, 1, 4, 13, 35, 19, 15, 13, 18, 14, 17, 2, 12, 0, 3, 2, 4, 2, 5, 2, 4, 2, 4, 0, 2, 0, 5, 3, 4, 3, 11, 8, 0, 4, 4, 1, 2, 1, 2, 2, 1, 4, 3]
日本&TPP
[2, 0, 0, 0, 0, 0, 0, 3, 4, 8, 4, 4, 7, 1, 1, 1, 4, 2, 9, 4, 4, 11, 7, 5, 3, 0, 0, 1, 0, 0, 1, 7, 6, 8, 7, 1, 3, 25, 72, 45, 32, 11, 13, 7, 5, 10, 9, 4, 11, 7, 0, 3, 1, 3, 1, 13, 13, 29, 9, 18, 4, 11, 8, 7, 4, 7, 4, 9, 10, 3, 4, 1, 3, 1, 1, 0, 6, 0, 1, 3, 8, 1, 5, 4, 3, 3, 0, 1, 3, 4, 4, 4, 3, 7, 3, 5, 1, 2, 0, 2, 0, 0, 1, 3, 2, 4, 8, 14, 2, 3, 1, 2, 5, 1, 1, 0, 3, 1, 3, 0, 0, 1, 0, 0, 0, 1, 7, 4, 7, 4, 6, 4, 8, 3, 3, 3, 8, 2, 2, 2, 3, 0, 1, 1]
许达哲&湖南
[1, 0, 0, 0, 63, 82, 24, 46, 11, 14, 4, 18, 10, 2, 0, 1, 0, 5, 4, 1, 11, 21, 5, 16, 3, 2, 3, 3, 0, 5, 0, 2, 0, 2, 1, 1, 2, 0, 3, 0, 0, 2, 0, 0, 1, 5, 3, 4, 1, 5, 2, 2, 0, 1, 0, 4, 1, 2, 2, 1, 0, 0, 0, 0, 0, 0, 0, 0, 0, 4, 0, 8, 0, 0, 2, 0, 7, 2, 1, 1, 0, 0, 1, 0, 0, 0, 0, 0, 0, 0, 0, 0, 0, 5, 0, 0, 1, 1, 0, 2, 0, 0, 0, 0, 0, 4]
